 0.5101e-05 
 0.5101e-05 
 0.5101e-05 
 0.5101e-05 
 0.5101e-05 
-0.1177e-06 
-0.1177e-06 
-0.1177e-06 
-0.3087e-06 
-0.2787e-06 
-0.2787e-06 
-0.6137e-06 
-0.6611e-05 
-0.6420e-07 
-0.1258e-05 
-0.6611e-05 
-0.6611e-05 
-0.2430e-07 
-0.2430e-07 
-0.2430e-07 
-0.1218e-05 
-0.1021e-05 
-0.1021e-05 
 0.6503e-05 
 0.0000e-00 
 0.0000e-00 
 0.0000e-00 
 0.0000e-00 
 0.0000e-00 
-0.4002e-07 
-0.4002e-07 
-0.4002e-07 
-0.4002e-07 
 0.5536e-06 
 0.5536e-06 
 0.9792e-06 
 0.0000e-00 
 0.0000e-00 
 0.0000e-00 
 0.0000e-00 
 0.0000e-00 
-0.4002e-07 
-0.4002e-07 
-0.4002e-07 
-0.4002e-07 
 0.5536e-06 
 0.5536e-06 
 0.1037e-05 
 0.1750e-07 
 0.1750e-07 
 0.1750e-07 
 0.1750e-07 
 0.1750e-07 
-0.4417e-07 
-0.4417e-07 
-0.4417e-07 
-0.4417e-07 
-0.3596e-06 
-0.3596e-06 
-0.1653e-05 
-0.4600e-06 
-0.1600e-05 
 0.6800e-06 
-0.4600e-06 
-0.4600e-06 
 0.1991e-05 
 0.1991e-05 
 0.1991e-05 
 0.4293e-05 
-0.1352e-05 
-0.1352e-05 
-0.1372e-08 
