  Run_nr	   Alpha	    Beta	      CL	      CD	    Cyaw	 Cm_p_qc	      Ct	      Cn	   Cside	 Cm_roll	Cm_pitch	  Cm_yaw	       V	      Re	       M
       /	 degrees	 degrees	       /	       /	       /	       /	       /	       /	       /	       /	       /	       /	     m/s	       /	       /
      93	   0.002	   0.000	  0.2273	0.056975	 0.03154	 0.04729	0.056967	  0.2273	0.031544	 0.01189	-0.01003	-0.01633	   20.15	1.788E+5	   0.059	        	        	        	        	        	        	        	        	        	        	        	        	        	        	        	        	        
      94	   0.002	   0.000	  0.2252	0.051496	 0.03125	 0.04824	0.051488	  0.2252	0.031248	 0.01141	-0.00857	-0.01550	   20.16	1.790E+5	   0.059	        	        	        	        	        	        	        	        	        	        	        	        	        	        	        	        	        
      95	   0.002	   0.000	  0.2238	0.042474	 0.03081	 0.05096	0.042466	  0.2238	0.030805	 0.01109	-0.00550	-0.01432	   20.12	1.785E+5	   0.059	        	        	        	        	        	        	        	        	        	        	        	        	        	        	        	        	        
      96	   0.002	   0.000	  0.2209	0.033721	 0.03090	 0.05081	0.033713	  0.2209	0.030899	 0.01068	-0.00495	-0.01311	   20.12	1.786E+5	   0.059	        	        	        	        	        	        	        	        	        	        	        	        	        	        	        	        	        
      97	   0.002	   0.000	  0.2179	0.021559	 0.03010	 0.05172	0.021551	  0.2179	0.030103	 0.01010	-0.00328	-0.01120	   20.14	1.788E+5	   0.059	        	        	        	        	        	        	        	        	        	        	        	        	        	        	        	        	        
      98	   0.002	   0.000	  0.2165	0.006363	 0.03010	 0.04907	0.006355	  0.2165	0.030102	 0.00933	-0.00554	-0.00904	   20.16	1.789E+5	   0.059	        	        	        	        	        	        	        	        	        	        	        	        	        	        	        	        	        
      99	   0.002	   0.000	  0.2168	-0.006627	 0.02964	 0.04492	-0.006635	  0.2168	0.029639	 0.00944	-0.00975	-0.00739	   20.17	1.791E+5	   0.059	        	        	        	        	        	        	        	        	        	        	        	        	        	        	        	        	        
     100	   0.002	   0.000	  0.2155	-0.019100	 0.02908	 0.04162	-0.019107	  0.2155	0.029079	 0.00915	-0.01267	-0.00559	   20.18	1.792E+5	   0.059	        	        	        	        	        	        	        	        	        	        	        	        	        	        	        	        	        
     101	   0.002	   0.000	  0.2125	-0.030939	 0.02884	 0.03724	-0.030947	  0.2125	0.028842	 0.00856	-0.01628	-0.00386	   20.18	1.792E+5	   0.059	        	        	        	        	        	        	        	        	        	        	        	        	        	        	        	        	        
     102	   0.002	   0.000	  0.2116	-0.042022	 0.02830	 0.03863	-0.042029	  0.2116	0.028302	 0.00818	-0.01467	-0.00242	   20.12	1.787E+5	   0.059	        	        	        	        	        	        	        	        	        	        	        	        	        	        	        	        	        
     103	   0.002	   0.000	  0.2103	-0.052826	 0.02818	 0.03885	-0.052834	  0.2103	0.028179	 0.00787	-0.01412	-0.00099	   20.14	1.788E+5	   0.059	        	        	        	        	        	        	        	        	        	        	        	        	        	        	        	        	        
     104	   0.002	   0.000	  0.2094	-0.064935	 0.02782	 0.03783	-0.064943	  0.2094	0.027824	 0.00683	-0.01491	 0.00090	   20.15	1.790E+5	   0.059	        	        	        	        	        	        	        	        	        	        	        	        	        	        	        	        	        
     105	   0.002	   0.000	  0.2070	-0.078501	 0.02700	 0.03556	-0.078509	  0.2070	0.027005	 0.00625	-0.01656	 0.00297	   20.17	1.791E+5	   0.059	        	        	        	        	        	        	        	        	        	        	        	        	        	        	        	        	        
     106	   0.002	   0.000	  0.2053	-0.095084	 0.02600	 0.03205	-0.095091	  0.2053	0.025996	 0.00579	-0.01960	 0.00528	   20.06	1.782E+5	   0.059	        	        	        	        	        	        	        	        	        	        	        	        	        	        	        	        	        
     107	   0.002	   0.000	  0.2027	-0.110502	 0.02555	 0.02886	-0.110509	  0.2027	0.025554	 0.00505	-0.02210	 0.00760	   20.08	1.784E+5	   0.059	        	        	        	        	        	        	        	        	        	        	        	        	        	        	        	        	        
