  Run_nr	   Alpha	    Beta	      CL	      CD	    Cyaw	 Cm_p_qc	      Ct	      Cn	   Cside	 Cm_roll	Cm_pitch	  Cm_yaw	       V	      Re	       M
       /	 degrees	 degrees	       /	       /	       /	       /	       /	       /	       /	       /	       /	       /	     m/s	       /	       /
       1	   0.003	 -10.000	  0.2727	0.092345	-0.16127	-0.08843	0.062924	  0.2727	-0.174854	-0.03038	-0.15571	 0.03941	   20.16	1.802E+5	   0.059	        	        	        	        	        	        	        	        	        	        	        	        	        	        	        	        	        
       2	   0.003	   1.995	  0.2350	0.054252	 0.02618	 0.04118	0.053296	  0.2350	0.028053	 0.00662	-0.01798	-0.01397	   20.15	1.802E+5	   0.059	        	        	        	        	        	        	        	        	        	        	        	        	        	        	        	        	        
       3	   0.003	  -7.000	  0.2646	0.079162	-0.10206	-0.05715	0.066121	  0.2646	-0.110943	-0.02007	-0.12271	 0.02531	   20.09	1.796E+5	   0.059	        	        	        	        	        	        	        	        	        	        	        	        	        	        	        	        	        
       4	   0.003	   9.995	  0.2585	0.081948	 0.13124	-0.01273	0.057913	  0.2585	0.143468	 0.03668	-0.07722	-0.04006	   20.07	1.794E+5	   0.059	        	        	        	        	        	        	        	        	        	        	        	        	        	        	        	        	        
       5	   0.003	   7.005	  0.2523	0.070285	 0.06531	 0.00343	0.061783	  0.2523	0.073393	 0.02561	-0.05969	-0.02363	   20.10	1.797E+5	   0.059	        	        	        	        	        	        	        	        	        	        	        	        	        	        	        	        	        
       6	   0.003	  -1.995	  0.2407	0.056308	-0.06069	 0.01959	0.054149	  0.2407	-0.062615	-0.00300	-0.04078	 0.01618	   20.13	1.799E+5	   0.059	        	        	        	        	        	        	        	        	        	        	        	        	        	        	        	        	        
       7	   0.003	   9.995	  0.2643	0.070912	 0.13496	-0.03628	0.046398	  0.2643	0.145223	 0.03659	-0.10199	-0.04230	   20.07	1.794E+5	   0.059	        	        	        	        	        	        	        	        	        	        	        	        	        	        	        	        	        
       8	   0.003	  -7.000	  0.2658	0.067147	-0.10469	-0.06920	0.053875	  0.2658	-0.112094	-0.01929	-0.13494	 0.02397	   20.10	1.797E+5	   0.059	        	        	        	        	        	        	        	        	        	        	        	        	        	        	        	        	        
       9	   0.003	 -10.005	  0.2749	0.081518	-0.16267	-0.10310	0.052003	  0.2749	-0.174358	-0.03042	-0.17078	 0.03772	   20.16	1.802E+5	   0.059	        	        	        	        	        	        	        	        	        	        	        	        	        	        	        	        	        
      10	   0.003	   7.000	  0.2570	0.048251	 0.16197	 0.02127	0.028139	  0.2570	0.166646	 0.02108	-0.04321	-0.05404	   20.13	1.799E+5	   0.059	        	        	        	        	        	        	        	        	        	        	        	        	        	        	        	        	        
      11	   0.003	   2.000	  0.2397	0.042646	 0.02819	 0.01657	0.041625	  0.2397	0.029663	 0.00665	-0.04352	-0.01613	   20.15	1.801E+5	   0.059	        	        	        	        	        	        	        	        	        	        	        	        	        	        	        	        	        
      12	   0.003	  -1.995	  0.2423	0.044141	-0.05908	 0.00533	0.042046	  0.2423	-0.060581	-0.00321	-0.05530	 0.01365	   20.14	1.800E+5	   0.059	        	        	        	        	        	        	        	        	        	        	        	        	        	        	        	        	        
      13	   4.998	   6.995	  0.7150	0.055742	 0.15104	 0.02628	-0.025503	  0.7155	0.156703	 0.01423	-0.15287	-0.04315	   40.23	3.581E+5	   0.118	        	        	        	        	        	        	        	        	        	        	        	        	        	        	        	        	        
      14	   0.001	  -9.995	  0.2704	0.055519	-0.25681	-0.04339	0.010100	  0.2704	-0.262552	-0.02878	-0.11053	 0.06497	   40.27	3.583E+5	   0.118	        	        	        	        	        	        	        	        	        	        	        	        	        	        	        	        	        
      15	   0.001	  -2.005	  0.2277	0.037684	-0.05159	 0.01516	0.035853	  0.2277	-0.052878	-0.00717	-0.04192	 0.01394	   40.22	3.576E+5	   0.118	        	        	        	        	        	        	        	        	        	        	        	        	        	        	        	        	        
      16	   4.999	  -7.000	  0.7289	0.058679	-0.16262	-0.01146	-0.025237	  0.7294	-0.168558	-0.01870	-0.19370	 0.03880	   40.22	3.574E+5	   0.118	        	        	        	        	        	        	        	        	        	        	        	        	        	        	        	        	        
      17	   0.002	   2.000	  0.2239	0.036431	 0.03685	 0.02261	0.035114	  0.2239	0.038099	 0.00350	-0.03358	-0.01554	   40.21	3.573E+5	   0.118	        	        	        	        	        	        	        	        	        	        	        	        	        	        	        	        	        
      18	   0.002	  10.000	  0.2513	0.053777	 0.23207	 0.00428	0.012651	  0.2513	0.237886	 0.02702	-0.05859	-0.06569	   40.22	3.571E+5	   0.118	        	        	        	        	        	        	        	        	        	        	        	        	        	        	        	        	        
      19	   0.002	  -7.000	  0.2560	0.046015	-0.19039	-0.01939	0.022459	  0.2560	-0.194580	-0.01940	-0.08319	 0.04988	   40.18	3.566E+5	   0.118	        	        	        	        	        	        	        	        	        	        	        	        	        	        	        	        	        
      20	   0.002	   7.000	  0.2391	0.043572	 0.17011	 0.01818	0.022507	  0.2391	0.174150	 0.01641	-0.04179	-0.05225	   40.22	3.569E+5	   0.118	        	        	        	        	        	        	        	        	        	        	        	        	        	        	        	        	        
      21	   0.002	  -9.995	  0.2656	0.071694	-0.25585	-0.02450	0.026189	  0.2656	-0.264415	-0.02856	-0.09064	 0.06809	   40.22	3.568E+5	   0.118	        	        	        	        	        	        	        	        	        	        	        	        	        	        	        	        	        
      22	   0.002	   2.000	  0.2161	0.055689	 0.02962	 0.04875	0.054613	  0.2161	0.031549	 0.00348	-0.00579	-0.01148	   40.26	3.570E+5	   0.118	        	        	        	        	        	        	        	        	        	        	        	        	        	        	        	        	        
      23	   0.002	  -7.000	  0.2512	0.063362	-0.19136	 0.00077	0.039559	  0.2512	-0.197654	-0.01937	-0.06203	 0.05338	   40.23	3.567E+5	   0.118	        	        	        	        	        	        	        	        	        	        	        	        	        	        	        	        	        
      24	   0.002	  10.000	  0.2434	0.069796	 0.22673	 0.03089	0.029355	  0.2434	0.235406	 0.02725	-0.03029	-0.06277	   40.19	3.562E+5	   0.118	        	        	        	        	        	        	        	        	        	        	        	        	        	        	        	        	        
      25	   0.002	   7.000	  0.2304	0.060902	 0.16447	 0.04628	0.040396	  0.2304	0.170661	 0.01666	-0.01182	-0.04876	   40.19	3.562E+5	   0.118	        	        	        	        	        	        	        	        	        	        	        	        	        	        	        	        	        
      26	   0.002	  -1.995	  0.2217	0.056546	-0.05426	 0.03384	0.054615	  0.2217	-0.056194	-0.00715	-0.02194	 0.01766	   40.26	3.568E+5	   0.118	        	        	        	        	        	        	        	        	        	        	        	        	        	        	        	        	        
      27	   5.000	   6.995	  0.7036	0.056982	 0.14959	 0.05529	-0.023129	  0.7043	0.155416	 0.01484	-0.12136	-0.03813	   40.21	3.563E+5	   0.118	        	        	        	        	        	        	        	        	        	        	        	        	        	        	        	        	        
      28	   0.001	  -9.995	  0.2573	0.055097	-0.25968	-0.01314	0.009187	  0.2573	-0.265300	-0.02992	-0.07733	 0.07043	   40.22	3.564E+5	   0.118	        	        	        	        	        	        	        	        	        	        	        	        	        	        	        	        	        
      29	   0.001	  -2.000	  0.2166	0.037395	-0.05574	 0.04184	0.035424	  0.2166	-0.057011	-0.00813	-0.01275	 0.02012	   40.18	3.559E+5	   0.118	        	        	        	        	        	        	        	        	        	        	        	        	        	        	        	        	        
      30	   4.999	  -7.000	  0.7143	0.057297	-0.16480	 0.02226	-0.025594	  0.7148	-0.170550	-0.01933	-0.15667	 0.04420	   40.21	3.561E+5	   0.118	        	        	        	        	        	        	        	        	        	        	        	        	        	        	        	        	        
      31	   0.008	   2.000	  0.2113	0.036914	 0.03090	 0.05010	0.035785	  0.2113	0.032166	 0.00286	-0.00325	-0.00866	   40.19	3.560E+5	   0.118	        	        	        	        	        	        	        	        	        	        	        	        	        	        	        	        	        
      32	   0.002	  10.000	  0.2392	0.053416	 0.23029	 0.03236	0.012607	  0.2392	0.236064	 0.02689	-0.02777	-0.06068	   40.18	3.557E+5	   0.118	        	        	        	        	        	        	        	        	        	        	        	        	        	        	        	        	        
      33	   0.002	  -7.000	  0.2435	0.045658	-0.19412	 0.01026	0.021652	  0.2435	-0.198236	-0.02063	-0.05073	 0.05582	   40.23	3.561E+5	   0.118	        	        	        	        	        	        	        	        	        	        	        	        	        	        	        	        	        
      34	   0.002	   7.000	  0.2269	0.043775	 0.16615	 0.04888	0.023193	  0.2269	0.170244	 0.01619	-0.00836	-0.04635	   40.25	3.562E+5	   0.118	        	        	        	        	        	        	        	        	        	        	        	        	        	        	        	        	        
      35	   5.000	   7.000	  0.7140	0.039022	 0.15323	 0.02484	-0.042245	  0.7130	0.156839	 0.01376	-0.15368	-0.04100	   40.18	3.555E+5	   0.118	        	        	        	        	        	        	        	        	        	        	        	        	        	        	        	        	        
      36	   0.003	  -9.995	  0.2620	0.038685	-0.26125	-0.03355	-0.007257	  0.2620	-0.264002	-0.03049	-0.09869	 0.06752	   40.20	3.558E+5	   0.118	        	        	        	        	        	        	        	        	        	        	        	        	        	        	        	        	        
      37	   0.003	  -2.000	  0.2219	0.018924	-0.05406	 0.02097	0.017015	  0.2219	-0.054683	-0.00822	-0.03472	 0.01642	   40.24	3.561E+5	   0.118	        	        	        	        	        	        	        	        	        	        	        	        	        	        	        	        	        
      38	   4.992	  -7.000	  0.7213	0.040501	-0.16356	 0.00019	-0.042578	  0.7203	-0.167274	-0.01983	-0.17989	 0.04085	   40.25	3.561E+5	   0.118	        	        	        	        	        	        	        	        	        	        	        	        	        	        	        	        	        
      39	   0.002	   2.000	  0.2189	0.018170	 0.03687	 0.02402	0.016866	  0.2189	0.037482	 0.00278	-0.03095	-0.01275	   40.26	3.563E+5	   0.118	        	        	        	        	        	        	        	        	        	        	        	        	        	        	        	        	        
      40	   0.002	  10.000	  0.2467	0.037379	 0.23590	 0.00528	-0.004159	  0.2467	0.238804	 0.02650	-0.05645	-0.06365	   40.24	3.559E+5	   0.118	        	        	        	        	        	        	        	        	        	        	        	        	        	        	        	        	        
      41	   0.002	  -7.000	  0.2476	0.028441	-0.19267	-0.00945	0.004742	  0.2476	-0.194698	-0.02077	-0.07126	 0.05220	   40.22	3.557E+5	   0.118	        	        	        	        	        	        	        	        	        	        	        	        	        	        	        	        	        
      42	   0.002	   7.000	  0.2356	0.026330	 0.17164	 0.01936	0.005209	  0.2356	0.173572	 0.01579	-0.03975	-0.04980	   40.24	3.558E+5	   0.118	        	        	        	        	        	        	        	        	        	        	        	        	        	        	        	        	        
      43	   0.002	   7.000	  0.2394	0.045930	 0.17176	 0.02070	0.024649	  0.2394	0.176075	 0.01703	-0.03936	-0.05363	   30.15	2.671E+5	   0.089	        	        	        	        	        	        	        	        	        	        	        	        	        	        	        	        	        
      44	   0.002	   2.000	  0.2222	0.040793	 0.03291	 0.01944	0.039613	  0.2222	0.034314	 0.00408	-0.03630	-0.01571	   30.18	2.674E+5	   0.089	        	        	        	        	        	        	        	        	        	        	        	        	        	        	        	        	        
      45	   0.002	  10.000	  0.2488	0.054356	 0.24875	 0.01400	0.010329	  0.2488	0.254408	 0.02710	-0.04834	-0.07179	   30.16	2.673E+5	   0.089	        	        	        	        	        	        	        	        	        	        	        	        	        	        	        	        	        
      46	   0.002	   7.000	  0.2396	0.046077	 0.17145	 0.01819	0.024831	  0.2396	0.175791	 0.01692	-0.04189	-0.05348	   30.16	2.672E+5	   0.089	        	        	        	        	        	        	        	        	        	        	        	        	        	        	        	        	        
