  Run_nr	   Alpha	    Beta	      CL	      CD	    Cyaw	 Cm_p_qc	      Ct	      Cn	   Cside	 Cm_roll	Cm_pitch	  Cm_yaw	       V	      Re	       M
       /	 degrees	 degrees	       /	       /	       /	       /	       /	       /	       /	       /	       /	       /	     m/s	       /	       /
      47	   0.002	  -9.995	  0.2646	0.087168	-0.11387	-0.07012	0.066074	  0.2646	-0.127268	-0.01871	-0.13554	 0.01927	   20.06	1.785E+5	   0.059	        	        	        	        	        	        	        	        	        	        	        	        	        	        	        	        	        
      48	   0.002	   2.000	  0.2296	0.057446	 0.06753	 0.04795	0.055047	  0.2296	0.069492	 0.01662	-0.00995	-0.03152	   20.13	1.791E+5	   0.059	        	        	        	        	        	        	        	        	        	        	        	        	        	        	        	        	        
      49	   0.002	  -6.995	  0.2548	0.077179	-0.05634	-0.04104	0.069735	  0.2549	-0.065319	-0.00906	-0.10433	 0.00602	   20.10	1.788E+5	   0.059	        	        	        	        	        	        	        	        	        	        	        	        	        	        	        	        	        
      50	   0.002	  10.000	  0.2561	0.089589	 0.16626	-0.01094	0.059350	  0.2561	0.179288	 0.04581	-0.07487	-0.05542	   20.05	1.785E+5	   0.059	        	        	        	        	        	        	        	        	        	        	        	        	        	        	        	        	        
      51	   0.002	   7.000	  0.2491	0.076302	 0.10169	 0.00264	0.063333	  0.2491	0.110230	 0.03521	-0.05966	-0.03952	   20.10	1.789E+5	   0.059	        	        	        	        	        	        	        	        	        	        	        	        	        	        	        	        	        
      52	   0.002	  -1.995	  0.2326	0.057762	-0.01938	 0.03274	0.057045	  0.2326	-0.021380	 0.00707	-0.02575	-0.00127	   20.12	1.791E+5	   0.059	        	        	        	        	        	        	        	        	        	        	        	        	        	        	        	        	        
      53	   0.002	   9.995	  0.2619	0.078672	 0.17044	-0.03360	0.047888	  0.2619	0.181506	 0.04543	-0.09873	-0.05772	   20.07	1.787E+5	   0.059	        	        	        	        	        	        	        	        	        	        	        	        	        	        	        	        	        
      54	   0.002	  -6.995	  0.2586	0.065537	-0.05663	-0.05346	0.058145	  0.2586	-0.064188	-0.00856	-0.11758	 0.00395	   20.10	1.790E+5	   0.059	        	        	        	        	        	        	        	        	        	        	        	        	        	        	        	        	        
      55	   0.002	 -10.000	  0.2676	0.076423	-0.11617	-0.08481	0.055082	  0.2676	-0.127674	-0.01874	-0.15084	 0.01783	   20.06	1.786E+5	   0.059	        	        	        	        	        	        	        	        	        	        	        	        	        	        	        	        	        
      56	   0.002	   7.005	  0.2539	0.053695	 0.19841	 0.02237	0.029090	  0.2539	0.203477	 0.03057	-0.04133	-0.06966	   20.12	1.791E+5	   0.059	        	        	        	        	        	        	        	        	        	        	        	        	        	        	        	        	        
      57	   0.002	   2.000	  0.2350	0.045852	 0.06910	 0.02457	0.043405	  0.2350	0.070654	 0.01651	-0.03442	-0.03338	   20.14	1.794E+5	   0.059	        	        	        	        	        	        	        	        	        	        	        	        	        	        	        	        	        
      58	   0.002	  -1.995	  0.2365	0.045585	-0.01811	 0.01833	0.044920	  0.2365	-0.019685	 0.00685	-0.04097	-0.00363	   20.13	1.792E+5	   0.059	        	        	        	        	        	        	        	        	        	        	        	        	        	        	        	        	        
      59	   4.999	   6.995	  0.7171	0.060318	 0.18581	 0.01942	-0.025388	  0.7176	0.191770	 0.02273	-0.16019	-0.05738	   40.21	3.568E+5	   0.118	        	        	        	        	        	        	        	        	        	        	        	        	        	        	        	        	        
      60	   0.002	  -9.995	  0.2643	0.051782	-0.21640	-0.02358	0.013427	  0.2643	-0.222101	-0.01850	-0.08940	 0.04788	   40.27	3.571E+5	   0.118	        	        	        	        	        	        	        	        	        	        	        	        	        	        	        	        	        
      61	   0.002	  -2.005	  0.2239	0.038391	-0.01249	 0.02715	0.037923	  0.2239	-0.013824	 0.00261	-0.02911	-0.00254	   40.20	3.564E+5	   0.118	        	        	        	        	        	        	        	        	        	        	        	        	        	        	        	        	        
      62	   4.999	  -7.000	  0.7288	0.056984	-0.12939	-0.00713	-0.022877	  0.7296	-0.135373	-0.01007	-0.18945	 0.02495	   40.23	3.565E+5	   0.118	        	        	        	        	        	        	        	        	        	        	        	        	        	        	        	        	        
      63	   0.001	   2.000	  0.2212	0.039750	 0.07407	 0.02754	0.037139	  0.2212	0.075414	 0.01314	-0.02804	-0.03175	   40.21	3.563E+5	   0.118	        	        	        	        	        	        	        	        	        	        	        	        	        	        	        	        	        
      64	   0.001	  10.000	  0.2510	0.060896	 0.26622	 0.00241	0.013740	  0.2510	0.272749	 0.03568	-0.06037	-0.08037	   40.21	3.561E+5	   0.118	        	        	        	        	        	        	        	        	        	        	        	        	        	        	        	        	        
      65	   0.001	  -7.000	  0.2506	0.044396	-0.14838	-0.00480	0.025979	  0.2506	-0.152687	-0.00906	-0.06741	 0.03230	   40.19	3.559E+5	   0.118	        	        	        	        	        	        	        	        	        	        	        	        	        	        	        	        	        
      66	   0.001	   7.000	  0.2397	0.048713	 0.20704	 0.01683	0.023116	  0.2397	0.211431	 0.02563	-0.04328	-0.06795	   40.22	3.560E+5	   0.118	        	        	        	        	        	        	        	        	        	        	        	        	        	        	        	        	        
      67	   0.001	  -9.995	  0.2590	0.068034	-0.21523	-0.00286	0.029642	  0.2590	-0.223776	-0.01793	-0.06759	 0.05085	   40.24	3.561E+5	   0.118	        	        	        	        	        	        	        	        	        	        	        	        	        	        	        	        	        
      68	   0.001	   2.000	  0.2136	0.058801	 0.06807	 0.05526	0.056388	  0.2136	0.070079	 0.01336	 0.00128	-0.02798	   40.28	3.562E+5	   0.118	        	        	        	        	        	        	        	        	        	        	        	        	        	        	        	        	        
      69	   0.001	  -7.000	  0.2458	0.061549	-0.14915	 0.01709	0.042911	  0.2458	-0.155538	-0.00878	-0.04455	 0.03572	   40.24	3.558E+5	   0.118	        	        	        	        	        	        	        	        	        	        	        	        	        	        	        	        	        
      70	   0.001	  10.000	  0.2435	0.076945	 0.26075	 0.03001	0.030494	  0.2435	0.270153	 0.03605	-0.03117	-0.07746	   40.24	3.557E+5	   0.118	        	        	        	        	        	        	        	        	        	        	        	        	        	        	        	        	        
      71	   0.001	   7.000	  0.2303	0.066315	 0.20178	 0.04556	0.041228	  0.2303	0.208362	 0.02623	-0.01249	-0.06461	   40.24	3.557E+5	   0.118	        	        	        	        	        	        	        	        	        	        	        	        	        	        	        	        	        
      72	   0.001	  -1.995	  0.2173	0.057417	-0.01549	 0.04632	0.056842	  0.2173	-0.017478	 0.00279	-0.00848	 0.00110	   40.25	3.558E+5	   0.118	        	        	        	        	        	        	        	        	        	        	        	        	        	        	        	        	        
      73	   4.999	   6.995	  0.7046	0.061633	 0.18371	 0.05294	-0.022743	  0.7053	0.189844	 0.02347	-0.12395	-0.05213	   40.24	3.557E+5	   0.118	        	        	        	        	        	        	        	        	        	        	        	        	        	        	        	        	        
      74	   0.001	 -10.000	  0.2509	0.051234	-0.21934	 0.00944	0.012364	  0.2509	-0.224905	-0.01919	-0.05338	 0.05327	   40.21	3.555E+5	   0.118	        	        	        	        	        	        	        	        	        	        	        	        	        	        	        	        	        
      75	   0.001	  -2.000	  0.2116	0.038316	-0.01636	 0.05664	0.037718	  0.2116	-0.017689	 0.00184	 0.00314	 0.00355	   40.23	3.555E+5	   0.118	        	        	        	        	        	        	        	        	        	        	        	        	        	        	        	        	        
      76	   4.999	  -7.000	  0.7124	0.055370	-0.12994	 0.02895	-0.023107	  0.7131	-0.135718	-0.01061	-0.14963	 0.03005	   40.17	3.550E+5	   0.118	        	        	        	        	        	        	        	        	        	        	        	        	        	        	        	        	        
      77	   0.001	   2.000	  0.2082	0.039934	 0.06871	 0.05773	0.037510	  0.2082	0.070065	 0.01273	 0.00507	-0.02521	   40.24	3.557E+5	   0.118	        	        	        	        	        	        	        	        	        	        	        	        	        	        	        	        	        
      78	   0.001	  10.000	  0.2391	0.060471	 0.26413	 0.03248	0.013684	  0.2391	0.270621	 0.03579	-0.02763	-0.07529	   40.22	3.553E+5	   0.118	        	        	        	        	        	        	        	        	        	        	        	        	        	        	        	        	        
      79	   0.001	  -7.000	  0.2375	0.043645	-0.15183	 0.02779	0.024813	  0.2375	-0.156020	-0.01011	-0.03187	 0.03814	   40.22	3.552E+5	   0.118	        	        	        	        	        	        	        	        	        	        	        	        	        	        	        	        	        
      80	   0.001	   7.000	  0.2269	0.048837	 0.20353	 0.04836	0.023667	  0.2269	0.207961	 0.02566	-0.00886	-0.06222	   40.23	3.552E+5	   0.118	        	        	        	        	        	        	        	        	        	        	        	        	        	        	        	        	        
      81	   4.999	   7.000	  0.7162	0.043484	 0.18729	 0.01974	-0.042150	  0.7152	0.191196	 0.02229	-0.15927	-0.05502	   40.20	3.549E+5	   0.118	        	        	        	        	        	        	        	        	        	        	        	        	        	        	        	        	        
      82	   0.002	  -9.995	  0.2555	0.034692	-0.22056	-0.01199	-0.004126	  0.2555	-0.223236	-0.01969	-0.07573	 0.05026	   40.19	3.548E+5	   0.118	        	        	        	        	        	        	        	        	        	        	        	        	        	        	        	        	        
      83	   0.002	  -2.000	  0.2170	0.019314	-0.01557	 0.03464	0.018750	  0.2170	-0.016234	 0.00158	-0.01998	-0.00010	   40.20	3.549E+5	   0.118	        	        	        	        	        	        	        	        	        	        	        	        	        	        	        	        	        
      84	   4.999	  -7.000	  0.7210	0.038656	-0.12987	 0.00486	-0.040371	  0.7202	-0.133616	-0.01121	-0.17524	 0.02725	   40.21	3.550E+5	   0.118	        	        	        	        	        	        	        	        	        	        	        	        	        	        	        	        	        
      85	   0.002	   2.000	  0.2163	0.020551	 0.07696	 0.03035	0.017845	  0.2163	0.077626	 0.01270	-0.02404	-0.02913	   40.20	3.548E+5	   0.118	        	        	        	        	        	        	        	        	        	        	        	        	        	        	        	        	        
      86	   0.002	  10.000	  0.2466	0.044508	 0.26976	 0.00531	-0.003021	  0.2466	0.273393	 0.03535	-0.05641	-0.07828	   40.23	3.550E+5	   0.118	        	        	        	        	        	        	        	        	        	        	        	        	        	        	        	        	        
      87	   0.002	  -7.000	  0.2429	0.026349	-0.15210	 0.00770	0.007608	  0.2429	-0.154175	-0.01004	-0.05312	 0.03445	   40.23	3.549E+5	   0.118	        	        	        	        	        	        	        	        	        	        	        	        	        	        	        	        	        
      88	   0.002	   7.000	  0.2359	0.031448	 0.20832	 0.01853	0.005817	  0.2359	0.210601	 0.02526	-0.04064	-0.06542	   40.26	3.551E+5	   0.118	        	        	        	        	        	        	        	        	        	        	        	        	        	        	        	        	        
      89	   0.002	   7.000	  0.2397	0.051273	 0.20953	 0.01950	0.025347	  0.2397	0.214214	 0.02649	-0.04062	-0.06961	   30.19	2.666E+5	   0.089	        	        	        	        	        	        	        	        	        	        	        	        	        	        	        	        	        
      90	   0.002	   2.000	  0.2198	0.043452	 0.07171	 0.02678	0.040916	  0.2198	0.073179	 0.01403	-0.02845	-0.03214	   30.16	2.665E+5	   0.088	        	        	        	        	        	        	        	        	        	        	        	        	        	        	        	        	        
      91	   0.002	  10.000	  0.2485	0.061707	 0.28354	 0.01339	0.011524	  0.2485	0.289951	 0.03615	-0.04887	-0.08674	   30.20	2.669E+5	   0.089	        	        	        	        	        	        	        	        	        	        	        	        	        	        	        	        	        
      92	   0.002	   7.000	  0.2403	0.051414	 0.20921	 0.01730	0.025525	  0.2403	0.213916	 0.02655	-0.04295	-0.06947	   30.19	2.669E+5	   0.089	        	        	        	        	        	        	        	        	        	        	        	        	        	        	        	        	        
