  Run_nr	    Time	   Alpha	    Beta	Delta_Pb	   P_bar	       T	      B1	      B2	      B3	      B4	      B5	      B6	     rpm	     Rho	       Q	       V	      Re	 nrotor1	 nrotor2	      I1	      I2	    dptq	  Extra1	  Extra2	  Extra3	  Extra4	  Extra5	  Extra6	  Extra7	  Extra8	  Extra9	 Extra10
       /	   H:M:S	 degrees	 degrees	      Pa	     hPa	 degr._C	   steps	   steps	   steps	   steps	   steps	   steps	   1/min	  kg/m^3	      Pa	     m/s	       /	     1/s	     1/s	       A	       A	      Pa	       /	       /	       /	       /	       /	       /	       /	       /	       /	       /
      47	 16:52:12	   0.002	  -9.995	  105.99	 1025.89	   14.80	   439.6	   601.3	   300.8	  -156.2	   252.7	  -237.5	 243.986	   1.241	   247.3	    20.0	  228564	   41.60	   41.60	    0.20	    0.25	    0.00	  16.726	  16.341	  39.217	  37.332	   0.000	   0.000	   0.000	   0.000	   0.000	   0.000
      48	 16:53:17	   0.002	   2.000	  106.74	 1025.90	   14.79	   373.0	  -599.9	  -102.8	   197.9	   296.5	   393.3	 242.955	   1.241	   249.0	    20.0	  229392	   41.60	   41.60	    0.04	    0.02	    0.00	  16.560	  16.246	  39.000	  36.696	   0.000	   0.000	   0.000	   0.000	   0.000	   0.000
      49	 16:53:59	   0.002	  -6.995	  106.36	 1025.91	   14.78	   464.2	   251.7	   173.5	   -53.7	   293.3	   -74.1	 244.001	   1.241	   248.1	    20.0	  228989	   41.60	   41.60	    0.13	    0.21	    0.00	  16.484	  16.219	  38.997	  37.135	   0.000	   0.000	   0.000	   0.000	   0.000	   0.000
      50	 16:55:01	   0.002	  10.000	  105.91	 1025.91	   14.74	   396.7	 -1220.3	  -318.4	   448.5	   265.8	   685.0	 243.990	   1.241	   247.1	    20.0	  228538	   41.60	   41.60	    0.24	    0.20	    0.00	  16.409	  16.196	  39.437	  37.124	   0.000	   0.000	   0.000	   0.000	   0.000	   0.000
      51	 16:55:27	   0.002	   7.000	  106.36	 1025.92	   14.74	   423.7	  -822.4	  -200.4	   312.8	   296.5	   490.9	 243.973	   1.241	   248.1	    20.0	  229026	   41.61	   41.60	    0.20	    0.12	    0.00	  16.382	  16.190	  39.154	  36.907	   0.000	   0.000	   0.000	   0.000	   0.000	   0.000
      52	 16:56:12	   0.002	  -1.995	  106.58	 1025.91	   14.73	   385.1	    22.6	    57.8	    41.2	   293.6	    16.1	 242.978	   1.241	   248.6	    20.0	  229283	   41.60	   41.60	    0.00	    0.09	    0.00	  16.318	  16.171	  38.904	  36.913	   0.000	   0.000	   0.000	   0.000	   0.000	   0.000
      53	 16:57:05	   0.002	   9.995	  106.12	 1025.92	   14.71	   325.6	 -1252.8	  -304.5	   468.4	   196.4	   715.0	 243.997	   1.242	   247.6	    20.0	  228800	   41.60	   49.12	    0.24	    0.60	    0.00	  16.314	  16.151	  39.431	  40.855	   0.000	   0.000	   0.000	   0.000	   0.000	   0.000
      54	 16:57:56	   0.002	  -6.995	  106.46	 1025.91	   14.69	   391.7	   227.9	   185.2	   -36.5	   230.6	   -48.4	 243.983	   1.242	   248.4	    20.0	  229187	   41.60	   49.12	    0.11	    0.60	    0.00	  16.311	  16.141	  38.961	  40.960	   0.000	   0.000	   0.000	   0.000	   0.000	   0.000
      55	 16:58:23	   0.002	 -10.000	  106.02	 1025.91	   14.68	   370.8	   589.1	   315.3	  -143.3	   191.4	  -219.7	 244.017	   1.242	   247.3	    20.0	  228728	   41.60	   49.12	    0.20	    0.62	    0.00	  16.310	  16.141	  39.155	  41.082	   0.000	   0.000	   0.000	   0.000	   0.000	   0.000
      56	 16:59:15	   0.002	   7.005	  106.64	 1025.90	   14.68	   208.7	 -1453.8	  -296.1	   470.7	   153.6	   867.5	 244.004	   1.242	   248.8	    20.0	  229395	   41.59	   49.12	    0.21	    0.58	    0.00	  16.353	  16.142	  39.147	  40.763	   0.000	   0.000	   0.000	   0.000	   0.000	   0.000
      57	 16:59:56	   0.002	   2.000	  106.89	 1025.90	   14.68	   299.9	  -622.8	   -87.4	   216.4	   225.2	   417.1	 242.964	   1.242	   249.4	    20.0	  229660	   41.60	   49.12	    0.13	    0.58	    0.00	  16.359	  16.136	  38.935	  40.773	   0.000	   0.000	   0.000	   0.000	   0.000	   0.000
      58	 17:00:27	   0.002	  -1.995	  106.75	 1025.89	   14.66	   309.2	    -6.3	    71.2	    58.4	   227.1	    45.6	 242.981	   1.242	   249.0	    20.0	  229524	   41.60	   49.12	    0.01	    0.59	    0.00	  16.365	  16.133	  38.863	  40.860	   0.000	   0.000	   0.000	   0.000	   0.000	   0.000
      59	 17:03:21	   4.999	   6.995	  423.04	 1025.86	   15.23	  1108.6	 -5089.3	    -8.6	  2610.2	   375.6	  2970.4	 474.014	   1.239	   991.6	    40.0	  456835	   78.50	   98.24	    0.53	    5.32	    0.00	  17.424	  16.691	  36.592	  36.185	   0.000	   0.000	   0.000	   0.000	   0.000	   0.000
      60	 17:04:28	   0.002	  -9.995	  424.09	 1025.85	   15.32	   531.4	  5029.4	  1967.4	 -1022.0	   193.7	 -2382.2	 473.982	   1.239	   994.0	    40.1	  457215	   78.49	   98.24	    0.39	    5.77	    0.00	  17.916	  16.883	  36.253	  36.494	   0.000	   0.000	   0.000	   0.000	   0.000	   0.000
      61	 17:05:19	   0.002	  -2.005	  422.63	 1025.84	   15.40	  1143.8	    59.5	   318.4	   219.3	   816.3	   126.9	 469.958	   1.239	   990.6	    40.0	  456268	   78.49	   98.24	    0.00	    5.42	    0.00	  18.314	  17.027	  30.197	  36.208	   0.000	   0.000	   0.000	   0.000	   0.000	   0.000
      62	 17:06:05	   4.999	  -7.000	  423.03	 1025.82	   15.42	  1199.7	  2933.4	  2203.2	   454.7	   354.6	 -1268.3	 473.994	   1.238	   991.5	    40.0	  456439	   78.51	   98.24	    0.00	    5.71	    0.00	  18.572	  17.134	  30.139	  36.389	   0.000	   0.000	   0.000	   0.000	   0.000	   0.000
      63	 17:07:02	   0.001	   2.000	  422.71	 1025.81	   15.44	  1123.8	 -2353.6	  -316.3	   847.3	   805.2	  1575.5	 469.972	   1.238	   990.8	    40.0	  456222	   78.48	   98.24	    0.00	    5.34	    0.00	  18.843	  17.240	  30.459	  36.102	   0.000	   0.000	   0.000	   0.000	   0.000	   0.000
      64	 17:07:47	   0.001	  10.000	  422.50	 1025.81	   15.54	   534.3	 -7068.1	 -1543.0	  2392.9	   282.3	  3976.2	 473.059	   1.238	   990.3	    40.0	  455910	   78.49	   98.24	    0.72	    5.35	    0.00	  19.006	  17.315	  36.957	  36.114	   0.000	   0.000	   0.000	   0.000	   0.000	   0.000
      65	 17:08:40	   0.001	  -7.000	  422.15	 1025.80	   15.58	   843.3	  3403.9	  1370.0	  -598.4	   485.4	 -1598.9	 471.929	   1.238	   989.5	    40.0	  455638	   78.07	   98.24	    0.00	    5.61	    0.00	  19.114	  17.391	  33.030	  36.272	   0.000	   0.000	   0.000	   0.000	   0.000	   0.000
      66	 17:09:27	   0.001	   7.000	  422.60	 1025.80	   15.62	   770.4	 -5707.9	 -1147.3	  1867.0	   504.1	  3365.2	 471.995	   1.238	   990.5	    40.0	  455800	   78.48	   98.24	    0.36	    5.28	    0.00	  19.265	  17.454	  36.155	  36.021	   0.000	   0.000	   0.000	   0.000	   0.000	   0.000
      67	 17:11:28	   0.001	  -9.995	  423.04	 1025.81	   15.68	   937.7	  5155.3	  1884.2	 -1105.5	   554.0	 -2524.4	 474.006	   1.237	   991.6	    40.0	  455919	   78.50	   78.50	    0.38	    0.84	    0.00	  19.242	  17.548	  36.231	  28.788	   0.000	   0.000	   0.000	   0.000	   0.000	   0.000
      68	 17:12:23	   0.001	   2.000	  423.65	 1025.82	   15.75	  1611.4	 -2136.1	  -390.4	   717.9	  1246.7	  1390.9	 470.956	   1.237	   993.0	    40.1	  456116	   78.49	   78.50	    0.00	    0.00	    0.00	  18.952	  17.606	  30.262	  21.638	   0.000	   0.000	   0.000	   0.000	   0.000	   0.000
      69	 17:13:11	   0.001	  -7.000	  422.74	 1025.82	   15.76	  1270.2	  3581.3	  1301.1	  -697.5	   863.0	 -1771.3	 473.016	   1.237	   990.9	    40.0	  455600	   78.27	   78.50	    0.00	    0.40	    0.00	  18.644	  17.642	  34.476	  27.916	   0.000	   0.000	   0.000	   0.000	   0.000	   0.000
      70	 17:14:06	   0.001	  10.000	  422.67	 1025.81	   15.82	   955.6	 -6921.4	 -1625.3	  2289.8	   675.2	  3832.8	 473.970	   1.237	   990.7	    40.0	  455444	   78.49	   78.43	    0.69	    0.30	    0.00	  18.415	  17.692	  36.847	  27.608	   0.000	   0.000	   0.000	   0.000	   0.000	   0.000
      71	 17:14:41	   0.001	   7.000	  422.75	 1025.80	   15.82	  1226.0	 -5537.4	 -1238.5	  1753.5	   926.7	  3200.4	 472.967	   1.237	   990.9	    40.0	  455481	   78.51	   78.50	    0.32	    0.00	    0.00	  18.277	  17.715	  36.080	  22.309	   0.000	   0.000	   0.000	   0.000	   0.000	   0.000
      72	 17:15:22	   0.001	  -1.995	  422.92	 1025.79	   15.84	  1620.3	   252.3	   244.0	   106.1	  1223.8	   -54.0	 470.953	   1.237	   991.3	    40.0	  455529	   78.50	   78.50	    0.00	    0.00	    0.00	  18.130	  17.750	  30.020	  22.160	   0.000	   0.000	   0.000	   0.000	   0.000	   0.000
      73	 17:16:30	   4.999	   6.995	  422.69	 1025.80	   15.82	  1146.9	 -4857.1	   -60.1	  2558.3	   510.6	  2708.9	 474.044	   1.237	   990.7	    40.0	  455446	   98.24	   78.50	    6.10	    0.00	    0.00	  17.977	  18.098	  32.852	  22.048	   0.000	   0.000	   0.000	   0.000	   0.000	   0.000
      74	 17:17:34	   0.001	 -10.000	  422.20	 1025.83	   15.80	   501.9	  5254.6	  1939.5	 -1083.4	   279.3	 -2640.0	 472.990	   1.237	   989.6	    40.0	  455228	   98.24	   78.50	    5.93	    0.87	    0.00	  17.840	  18.658	  32.753	  28.923	   0.000	   0.000	   0.000	   0.000	   0.000	   0.000
      75	 17:18:20	   0.001	  -2.000	  422.37	 1025.83	   15.88	  1137.8	   349.2	   307.3	   147.5	   906.8	  -175.9	 469.979	   1.236	   990.0	    40.0	  455160	   98.24	   78.49	    5.79	    0.00	    0.00	  17.814	  18.970	  32.657	  22.283	   0.000	   0.000	   0.000	   0.000	   0.000	   0.000
      76	 17:18:57	   4.999	  -7.000	  421.32	 1025.83	   15.88	  1152.9	  3124.7	  2149.1	   401.8	   439.6	 -1520.0	 473.009	   1.236	   987.5	    40.0	  454588	   98.24	   78.50	    5.76	    0.64	    0.00	  17.779	  19.174	  32.647	  28.550	   0.000	   0.000	   0.000	   0.000	   0.000	   0.000
      77	 17:19:56	   0.001	   2.000	  422.64	 1025.81	   15.84	  1132.9	 -2024.4	  -326.1	   766.4	   909.3	  1249.8	 469.951	   1.237	   990.6	    40.0	  455381	   98.24	   78.50	    5.87	    0.00	    0.00	  17.746	  19.411	  32.673	  21.917	   0.000	   0.000	   0.000	   0.000	   0.000	   0.000
      78	 17:20:30	   0.001	  10.000	  422.10	 1025.81	   15.92	   532.2	 -6835.9	 -1571.7	  2338.0	   377.2	  3720.2	 472.957	   1.236	   989.3	    40.0	  454928	   98.23	   78.44	    6.31	    0.31	    0.00	  17.741	  19.549	  32.917	  27.716	   0.000	   0.000	   0.000	   0.000	   0.000	   0.000
      79	 17:21:21	   0.001	  -7.000	  422.14	 1025.78	   15.98	   814.0	  3676.3	  1358.7	  -669.9	   568.7	 -1889.2	 471.909	   1.236	   989.4	    40.0	  454827	   98.24	   78.45	    5.78	    0.41	    0.00	  17.697	  19.735	  32.625	  28.052	   0.000	   0.000	   0.000	   0.000	   0.000	   0.000
      80	 17:22:11	   0.001	   7.000	  422.18	 1025.77	   16.02	   783.3	 -5432.2	 -1172.8	  1798.7	   614.9	  3077.2	 471.965	   1.236	   989.5	    40.0	  454760	   98.24	   78.50	    6.07	    0.00	    0.00	  17.724	  19.852	  32.770	  22.442	   0.000	   0.000	   0.000	   0.000	   0.000	   0.000
      81	 17:22:57	   4.999	   7.000	  421.62	 1025.74	   16.02	   680.9	 -4971.7	    56.9	  2655.1	    68.2	  2841.3	 472.969	   1.236	   988.2	    40.0	  454449	   98.24	   98.24	    6.18	    6.87	    0.00	  17.772	  19.964	  32.851	  27.535	   0.000	   0.000	   0.000	   0.000	   0.000	   0.000
      82	 17:24:03	   0.002	  -9.995	  421.40	 1025.72	   16.02	    87.9	  5104.6	  2013.3	  -994.9	   -87.2	 -2485.0	 472.001	   1.236	   987.7	    40.0	  454328	   98.24	   98.24	    5.97	    7.50	    0.00	  18.022	  20.090	  32.721	  27.816	   0.000	   0.000	   0.000	   0.000	   0.000	   0.000
      83	 17:24:51	   0.002	  -2.000	  421.65	 1025.71	   16.05	   660.3	   187.6	   394.4	   245.8	   491.3	     5.8	 468.997	   1.236	   988.3	    40.0	  454397	   98.24	   98.24	    5.84	    6.99	    0.00	  18.287	  20.142	  32.641	  27.585	   0.000	   0.000	   0.000	   0.000	   0.000	   0.000
      84	 17:25:38	   4.999	  -7.000	  421.73	 1025.71	   16.02	   738.2	  2991.7	  2239.4	   497.5	    62.3	 -1384.4	 473.148	   1.236	   988.5	    40.0	  454507	   98.24	   98.24	    5.78	    7.38	    0.00	  18.472	  20.194	  32.604	  27.756	   0.000	   0.000	   0.000	   0.000	   0.000	   0.000
      85	 17:26:35	   0.002	   2.000	  421.49	 1025.73	   16.05	   636.9	 -2278.4	  -264.7	   912.0	   462.5	  1440.9	 468.959	   1.236	   987.9	    40.0	  454316	   98.24	   98.24	    5.93	    6.88	    0.00	  18.731	  20.241	  32.674	  27.540	   0.000	   0.000	   0.000	   0.000	   0.000	   0.000
      86	 17:27:26	   0.002	  10.000	  422.15	 1025.72	   16.12	   113.1	 -6991.5	 -1491.1	  2442.2	   -12.9	  3869.4	 473.016	   1.235	   989.5	    40.0	  454530	   98.24	   98.24	    6.33	    6.91	    0.00	  18.841	  20.308	  32.906	  27.555	   0.000	   0.000	   0.000	   0.000	   0.000	   0.000
      87	 17:28:24	   0.002	  -7.000	  422.05	 1025.71	   16.14	   382.1	  3507.2	  1432.8	  -572.9	   192.1	 -1705.4	 472.007	   1.235	   989.2	    40.0	  454441	   98.24	   98.24	    5.81	    7.21	    0.00	  18.874	  20.405	  32.602	  27.684	   0.000	   0.000	   0.000	   0.000	   0.000	   0.000
      88	 17:29:12	   0.002	   7.000	  422.63	 1025.71	   16.16	   335.8	 -5599.4	 -1083.8	  1912.9	   195.2	  3240.0	 471.993	   1.235	   990.6	    40.1	  454711	   98.24	   98.24	    6.12	    6.78	    0.00	  18.965	  20.414	  32.760	  27.486	   0.000	   0.000	   0.000	   0.000	   0.000	   0.000
      89	 17:30:11	   0.002	   7.000	  238.60	 1025.71	   15.97	   452.0	 -3290.1	  -670.1	  1059.5	   309.7	  1941.2	 359.041	   1.236	   557.4	    30.0	  341394	   60.20	   73.68	    0.29	    2.94	    0.00	  18.951	  20.157	  40.548	  26.046	   0.000	   0.000	   0.000	   0.000	   0.000	   0.000
      90	 17:30:46	   0.002	   2.000	  238.15	 1025.71	   15.87	   671.2	 -1330.9	  -189.1	   464.4	   489.3	   896.0	 356.998	   1.236	   556.4	    30.0	  341213	   60.20	   73.68	    0.00	    2.93	    0.00	  18.844	  19.837	  39.995	  26.026	   0.000	   0.000	   0.000	   0.000	   0.000	   0.000
      91	 17:31:23	   0.002	  10.000	  238.81	 1025.72	   15.82	   256.5	 -4279.7	  -935.9	  1406.3	   153.8	  2419.5	 360.005	   1.237	   557.9	    30.0	  341770	   60.20	   73.68	    0.43	    3.00	    0.00	  18.742	  19.516	  41.129	  26.096	   0.000	   0.000	   0.000	   0.000	   0.000	   0.000
      92	 17:31:54	   0.002	   7.000	  238.72	 1025.72	   15.79	   454.8	 -3286.3	  -668.7	  1060.4	   307.9	  1938.2	 359.012	   1.237	   557.7	    30.0	  341759	   60.20	   73.68	    0.29	    2.94	    0.00	  18.651	  19.265	  40.571	  26.022	   0.000	   0.000	   0.000	   0.000	   0.000	   0.000
