  Run_nr	    Time	   Alpha	    Beta	Delta_Pb	   P_bar	       T	      B1	      B2	      B3	      B4	      B5	      B6	     rpm	     Rho	       Q	       V	      Re	 nrotor1	 nrotor2	      I1	      I2	    dptq	  Extra1	  Extra2	  Extra3	  Extra4	  Extra5	  Extra6	  Extra7	  Extra8	  Extra9	 Extra10
       /	   H:M:S	 degrees	 degrees	      Pa	     hPa	 degr._C	   steps	   steps	   steps	   steps	   steps	   steps	   1/min	  kg/m^3	      Pa	     m/s	       /	     1/s	     1/s	       A	       A	      Pa	       /	       /	       /	       /	       /	       /	       /	       /	       /	       /
       1	 15:54:10	   0.003	 -10.000	  107.28	 1025.82	   13.98	   425.4	   978.7	   414.9	  -248.7	   226.4	  -493.2	 244.987	   1.245	   250.3	    20.1	  230790	   41.60	   41.60	    0.25	    0.28	    0.00	  15.809	  15.523	  28.485	  29.641	   0.000	   0.000	   0.000	   0.000	   0.000	   0.000
       2	 15:55:37	   0.003	   1.995	  107.19	 1025.85	   13.98	   363.7	  -280.7	   -10.8	   117.2	   283.7	   175.0	 242.998	   1.245	   250.1	    20.0	  230690	   41.60	   41.60	    0.21	    0.15	    0.00	  15.625	  15.401	  28.322	  29.088	   0.000	   0.000	   0.000	   0.000	   0.000	   0.000
       3	 15:56:44	   0.003	  -7.000	  106.56	 1025.86	   13.98	   442.4	   603.9	   279.8	  -138.3	   263.7	  -314.7	 243.978	   1.245	   248.6	    20.0	  230010	   41.60	   41.60	    0.21	    0.24	    0.00	  15.511	  15.345	  28.351	  29.411	   0.000	   0.000	   0.000	   0.000	   0.000	   0.000
       4	 15:58:00	   0.003	   9.995	  106.30	 1025.85	   14.01	   389.3	  -947.4	  -240.9	   377.3	   258.5	   496.8	 243.929	   1.244	   248.0	    20.0	  229703	   41.60	   41.60	    0.30	    0.24	    0.00	  15.429	  15.278	  28.703	  29.391	   0.000	   0.000	   0.000	   0.000	   0.000	   0.000
       5	 15:58:30	   0.003	   7.005	  106.68	 1025.85	   14.02	   415.3	  -537.5	  -119.2	   238.1	   290.4	   294.2	 243.952	   1.244	   248.9	    20.0	  230108	   41.60	   41.60	    0.24	    0.21	    0.00	  15.390	  15.274	  28.489	  29.231	   0.000	   0.000	   0.000	   0.000	   0.000	   0.000
       6	 15:59:14	   0.003	  -1.995	  106.94	 1025.85	   14.00	   368.2	   341.9	   153.4	   -36.5	   270.2	  -202.1	 243.003	   1.245	   249.5	    20.0	  230402	   41.60	   41.60	    0.20	    0.20	    0.00	  15.350	  15.267	  28.265	  29.242	   0.000	   0.000	   0.000	   0.000	   0.000	   0.000
       7	 16:01:20	   0.003	   9.995	  106.38	 1025.86	   14.02	   317.1	  -975.9	  -226.4	   396.8	   187.7	   525.0	 243.986	   1.244	   248.2	    20.0	  229783	   41.60	   49.12	    0.30	    0.75	    0.00	  15.374	  15.259	  28.692	  31.933	   0.000	   0.000	   0.000	   0.000	   0.000	   0.000
       8	 16:02:21	   0.003	  -7.000	  106.64	 1025.86	   14.02	   365.5	   595.6	   293.5	  -124.5	   198.7	  -298.0	 244.019	   1.244	   248.8	    20.0	  230062	   41.60	   49.11	    0.21	    0.76	    0.00	  15.401	  15.262	  28.351	  31.954	   0.000	   0.000	   0.000	   0.000	   0.000	   0.000
       9	 16:03:00	   0.003	 -10.005	  107.27	 1025.86	   14.02	   356.1	   960.3	   427.6	  -234.7	   164.7	  -471.8	 245.003	   1.244	   250.3	    20.1	  230740	   41.60	   49.13	    0.24	    0.78	    0.00	  15.438	  15.267	  28.465	  32.009	   0.000	   0.000	   0.000	   0.000	   0.000	   0.000
      10	 16:04:03	   0.003	   7.000	  106.95	 1025.85	   14.02	   203.4	 -1172.5	  -215.6	   396.2	   148.3	   674.8	 243.999	   1.244	   249.5	    20.0	  230390	   41.60	   49.12	    0.25	    0.73	    0.00	  15.496	  15.264	  28.505	  31.844	   0.000	   0.000	   0.000	   0.000	   0.000	   0.000
      11	 16:04:45	   0.003	   2.000	  107.18	 1025.84	   14.04	   289.6	  -307.5	     3.7	   136.4	   210.8	   202.1	 242.975	   1.244	   250.0	    20.0	  230617	   41.60	   49.12	    0.21	    0.74	    0.00	  15.507	  15.269	  28.325	  31.854	   0.000	   0.000	   0.000	   0.000	   0.000	   0.000
      12	 16:05:12	   0.003	  -1.995	  107.07	 1025.84	   14.03	   292.0	   310.4	   165.3	   -20.0	   203.9	  -170.5	 242.984	   1.244	   249.8	    20.0	  230506	   41.60	   49.12	    0.20	    0.73	    0.00	  15.516	  15.275	  28.271	  31.956	   0.000	   0.000	   0.000	   0.000	   0.000	   0.000
      13	 16:07:50	   4.998	   6.995	  424.09	 1025.81	   14.69	  1103.8	 -4014.1	   264.1	  2330.3	   392.2	  2230.0	 473.994	   1.242	   994.0	    40.0	  458500	   78.50	   98.24	    0.55	    5.18	    0.00	  16.592	  15.845	  30.559	  37.527	   0.000	   0.000	   0.000	   0.000	   0.000	   0.000
      14	 16:09:01	   0.001	  -9.995	  424.92	 1025.82	   14.80	   448.4	  6289.8	  2351.7	 -1331.5	    71.2	 -3242.1	 474.001	   1.241	   996.0	    40.1	  458732	   78.49	   98.24	    0.38	    5.63	    0.00	  17.246	  16.076	  30.244	  37.829	   0.000	   0.000	   0.000	   0.000	   0.000	   0.000
      15	 16:09:53	   0.001	  -2.005	  423.61	 1025.82	   14.89	  1094.4	  1261.0	   671.0	   -86.7	   742.4	  -693.0	 470.014	   1.241	   992.9	    40.0	  457829	   78.50	   98.24	    0.00	    5.29	    0.00	  17.710	  16.232	  24.348	  37.519	   0.000	   0.000	   0.000	   0.000	   0.000	   0.000
      16	 16:10:49	   4.999	  -7.000	  423.56	 1025.81	   14.96	  1141.7	  3983.7	  2487.9	   196.3	   299.5	 -2000.4	 473.994	   1.240	   992.8	    40.0	  457657	   78.50	   98.24	    0.00	    5.57	    0.00	  18.078	  16.361	  24.364	  37.713	   0.000	   0.000	   0.000	   0.000	   0.000	   0.000
      17	 16:11:45	   0.002	   2.000	  423.33	 1025.80	   15.01	  1074.8	 -1192.6	    16.4	   547.5	   752.9	   772.0	 469.973	   1.240	   992.2	    40.0	  457426	   78.49	   98.24	    0.00	    5.22	    0.00	  18.400	  16.466	  24.534	  37.387	   0.000	   0.000	   0.000	   0.000	   0.000	   0.000
      18	 16:12:26	   0.002	  10.000	  423.40	 1025.80	   15.11	   508.3	 -6014.1	 -1249.9	  2109.4	   267.8	  3256.5	 473.035	   1.240	   992.4	    40.0	  457269	   78.50	   98.24	    0.79	    5.24	    0.00	  18.584	  16.541	  30.881	  37.377	   0.000	   0.000	   0.000	   0.000	   0.000	   0.000
      19	 16:13:28	   0.002	  -7.000	  422.38	 1025.81	   15.16	   755.7	  4687.8	  1754.0	  -917.0	   375.7	 -2473.4	 471.945	   1.240	   990.0	    40.0	  456617	   78.49	   98.24	    0.00	    5.49	    0.00	  18.738	  16.641	  24.963	  37.537	   0.000	   0.000	   0.000	   0.000	   0.000	   0.000
      20	 16:14:23	   0.002	   7.000	  423.24	 1025.80	   15.22	   756.5	 -4573.5	  -836.1	  1558.0	   497.8	  2591.3	 471.966	   1.239	   992.0	    40.0	  456954	   78.49	   98.24	    0.34	    5.16	    0.00	  18.940	  16.715	  30.159	  37.274	   0.000	   0.000	   0.000	   0.000	   0.000	   0.000
      21	 16:15:51	   0.002	  -9.995	  423.15	 1025.84	   15.27	   851.4	  6410.3	  2270.4	 -1414.1	   423.9	 -3384.0	 473.986	   1.239	   991.8	    40.0	  456810	   78.50	   78.50	    0.38	    0.77	    0.00	  18.772	  16.835	  30.235	  35.442	   0.000	   0.000	   0.000	   0.000	   0.000	   0.000
      22	 16:16:38	   0.002	   2.000	  423.91	 1025.85	   15.32	  1567.9	  -942.8	   -47.8	   407.0	  1193.9	   570.8	 470.975	   1.239	   993.6	    40.1	  457127	   78.50	   78.50	    0.00	    0.00	    0.00	  18.538	  16.878	  24.415	  28.299	   0.000	   0.000	   0.000	   0.000	   0.000	   0.000
      23	 16:17:21	   0.002	  -7.000	  423.25	 1025.85	   15.36	  1187.7	  4876.8	  1690.8	 -1020.8	   751.8	 -2653.0	 473.001	   1.239	   992.1	    40.0	  456689	   78.50	   78.50	    0.00	    0.40	    0.00	  18.324	  16.924	  24.878	  34.766	   0.000	   0.000	   0.000	   0.000	   0.000	   0.000
      24	 16:18:24	   0.002	  10.000	  422.24	 1025.83	   15.40	   926.2	 -5849.5	 -1327.3	  1998.9	   655.9	  3102.1	 473.026	   1.238	   989.7	    40.0	  456052	   78.50	   78.49	    0.76	    0.32	    0.00	  18.107	  16.983	  30.823	  34.587	   0.000	   0.000	   0.000	   0.000	   0.000	   0.000
      25	 16:19:01	   0.002	   7.000	  422.27	 1025.81	   15.42	  1203.9	 -4378.5	  -916.2	  1437.3	   912.0	  2411.7	 471.969	   1.238	   989.8	    40.0	  456030	   78.50	   78.72	    0.31	    0.00	    0.00	  17.987	  17.014	  30.116	  30.184	   0.000	   0.000	   0.000	   0.000	   0.000	   0.000
      26	 16:19:49	   0.002	  -1.995	  423.82	 1025.80	   15.44	  1568.0	  1453.2	   598.2	  -197.8	  1145.9	  -879.1	 470.993	   1.238	   993.4	    40.1	  456834	   78.50	   78.50	    0.00	    0.00	    0.00	  17.870	  17.055	  24.214	  28.940	   0.000	   0.000	   0.000	   0.000	   0.000	   0.000
      27	 16:21:01	   5.000	   6.995	  422.71	 1025.81	   15.48	  1135.4	 -3790.9	   214.9	  2280.6	   509.4	  1974.8	 474.015	   1.238	   990.8	    40.0	  456146	   98.24	   78.50	    7.15	    0.00	    0.00	  17.784	  17.348	  27.231	  28.724	   0.000	   0.000	   0.000	   0.000	   0.000	   0.000
      28	 16:22:03	   0.001	  -9.995	  422.88	 1025.81	   15.42	   423.0	  6509.1	  2327.1	 -1393.5	   152.0	 -3498.4	 473.982	   1.238	   991.2	    40.0	  456359	   98.24	   78.50	    6.88	    0.78	    0.00	  17.685	  17.737	  27.140	  35.593	   0.000	   0.000	   0.000	   0.000	   0.000	   0.000
      29	 16:22:52	   0.001	  -2.000	  422.04	 1025.82	   15.50	  1079.4	  1553.2	   665.8	  -156.7	   817.6	  -997.6	 469.998	   1.238	   989.2	    40.0	  455743	   98.24	   78.50	    6.76	    0.00	    0.00	  17.678	  17.972	  27.081	  29.175	   0.000	   0.000	   0.000	   0.000	   0.000	   0.000
      30	 16:23:38	   4.999	  -7.000	  422.54	 1025.83	   15.51	  1097.7	  4213.5	  2451.8	   139.3	   377.8	 -2268.4	 474.050	   1.238	   990.4	    40.0	  456006	   98.24	   78.50	    6.69	    0.59	    0.00	  17.653	  18.145	  27.055	  35.241	   0.000	   0.000	   0.000	   0.000	   0.000	   0.000
      31	 16:24:44	   0.008	   2.000	  422.26	 1025.84	   15.51	  1089.2	  -840.0	    13.6	   460.9	   852.7	   428.5	 469.988	   1.238	   989.7	    40.0	  455850	   98.24	   78.50	    6.85	    0.00	    0.00	  17.632	  18.319	  27.105	  28.507	   0.000	   0.000	   0.000	   0.000	   0.000	   0.000
      32	 16:25:28	   0.002	  10.000	  421.81	 1025.83	   15.60	   505.1	 -5773.3	 -1274.2	  2048.9	   356.4	  2995.5	 473.000	   1.238	   988.7	    40.0	  455422	   98.24	   78.50	    7.38	    0.33	    0.00	  17.659	  18.443	  27.307	  34.738	   0.000	   0.000	   0.000	   0.000	   0.000	   0.000
      33	 16:26:28	   0.002	  -7.000	  422.83	 1025.85	   15.62	   736.1	  4974.2	  1750.0	  -991.6	   457.0	 -2771.7	 472.963	   1.238	   991.1	    40.0	  455935	   98.24	   78.50	    6.72	    0.42	    0.00	  17.636	  18.599	  27.049	  34.973	   0.000	   0.000	   0.000	   0.000	   0.000	   0.000
      34	 16:27:20	   0.002	   7.000	  423.24	 1025.84	   15.65	   773.7	 -4289.7	  -856.4	  1487.6	   608.9	  2297.3	 472.992	   1.237	   992.0	    40.0	  456099	   98.24	   78.49	    7.07	    0.00	    0.00	  17.658	  18.656	  27.173	  29.193	   0.000	   0.000	   0.000	   0.000	   0.000	   0.000
      35	 16:27:54	   5.000	   7.000	  421.71	 1025.84	   15.68	   674.2	 -3909.5	   325.2	  2375.3	    79.2	  2108.9	 473.023	   1.237	   988.4	    40.0	  455212	   98.24	   98.24	    7.21	    6.11	    0.00	  17.700	  18.703	  27.248	  32.038	   0.000	   0.000	   0.000	   0.000	   0.000	   0.000
      36	 16:29:05	   0.003	  -9.995	  422.22	 1025.87	   15.67	     9.6	  6368.1	  2403.3	 -1308.3	  -211.1	 -3347.9	 473.004	   1.237	   989.6	    40.0	  455512	   98.24	   98.24	    6.93	    6.64	    0.00	  18.091	  18.798	  27.139	  32.355	   0.000	   0.000	   0.000	   0.000	   0.000	   0.000
      37	 16:29:46	   0.003	  -2.000	  423.08	 1025.88	   15.68	   619.1	  1380.8	   745.4	   -54.2	   418.0	  -815.3	 469.979	   1.237	   991.7	    40.0	  455955	   98.24	   98.24	    6.77	    6.18	    0.00	  18.409	  18.832	  27.072	  32.093	   0.000	   0.000	   0.000	   0.000	   0.000	   0.000
      38	 16:30:41	   4.992	  -7.000	  423.11	 1025.89	   15.68	   683.5	  4043.9	  2531.7	   237.9	     7.6	 -2105.9	 474.020	   1.237	   991.7	    40.0	  455971	   98.24	   98.24	    6.70	    6.51	    0.00	  18.745	  18.867	  27.046	  32.282	   0.000	   0.000	   0.000	   0.000	   0.000	   0.000
      39	 16:31:29	   0.002	   2.000	  423.44	 1025.90	   15.68	   615.4	 -1076.5	    83.7	   592.6	   426.3	   633.2	 469.978	   1.237	   992.5	    40.1	  456156	   98.24	   98.24	    6.86	    6.08	    0.00	  19.000	  18.879	  27.100	  32.023	   0.000	   0.000	   0.000	   0.000	   0.000	   0.000
      40	 16:32:15	   0.002	  10.000	  422.84	 1025.91	   15.76	    84.8	 -5940.9	 -1196.5	  2158.5	   -34.4	  3150.4	 473.017	   1.237	   991.1	    40.0	  455672	   98.40	   98.24	    7.69	    6.13	    0.00	  19.176	  18.923	  26.607	  32.052	   0.000	   0.000	   0.000	   0.000	   0.000	   0.000
      41	 16:33:10	   0.002	  -7.000	  422.36	 1025.90	   15.78	   310.5	  4778.2	  1810.7	  -889.7	    87.2	 -2588.4	 471.999	   1.237	   990.0	    40.0	  455375	   98.24	   98.24	    6.97	    6.41	    0.00	  19.289	  18.993	  26.147	  32.209	   0.000	   0.000	   0.000	   0.000	   0.000	   0.000
      42	 16:34:01	   0.002	   7.000	  422.85	 1025.90	   15.81	   320.7	 -4466.9	  -769.8	  1602.5	   186.4	  2467.2	 471.952	   1.237	   991.1	    40.0	  455578	   98.24	   98.24	    7.34	    6.04	    0.00	  19.448	  19.010	  26.273	  31.965	   0.000	   0.000	   0.000	   0.000	   0.000	   0.000
      43	 16:36:19	   0.002	   7.000	  238.44	 1025.89	   15.54	   441.8	 -2632.8	  -489.1	   880.0	   304.3	  1494.3	 358.018	   1.238	   557.1	    30.0	  341955	   60.20	   73.68	    0.43	    2.60	    0.00	  19.189	  18.475	  18.189	  29.983	   0.000	   0.000	   0.000	   0.000	   0.000	   0.000
      44	 16:37:05	   0.002	   2.000	  238.88	 1025.89	   15.50	   655.0	  -662.5	     3.5	   288.6	   464.3	   439.3	 357.039	   1.238	   558.1	    30.0	  342328	   60.20	   73.69	    0.00	    2.58	    0.00	  18.979	  18.137	  17.748	  29.956	   0.000	   0.000	   0.000	   0.000	   0.000	   0.000
      45	 16:37:41	   0.002	  10.000	  238.65	 1025.88	   15.46	   239.4	 -3664.5	  -763.6	  1239.2	   142.2	  2000.8	 358.998	   1.238	   557.6	    30.0	  342225	   60.20	   73.68	    0.81	    2.65	    0.00	  18.861	  17.923	  18.543	  30.071	   0.000	   0.000	   0.000	   0.000	   0.000	   0.000
      46	 16:38:16	   0.002	   7.000	  238.54	 1025.87	   15.44	   444.6	 -2628.3	  -487.1	   879.5	   302.1	  1490.8	 357.999	   1.238	   557.3	    30.0	  342171	   60.20	   73.68	    0.44	    2.59	    0.00	  18.734	  17.747	  18.207	  29.995	   0.000	   0.000	   0.000	   0.000	   0.000	   0.000
