  Run_nr	   Alpha	    Beta	      CL	      CD	    Cyaw	 Cm_p_qc	      Ct	      Cn	   Cside	 Cm_roll	Cm_pitch	  Cm_yaw	      Cx	      Cy	      Cz	    Cm_x	    Cm_y	    Cm_z	      Fx	      Fy	      Fz	      Mx	      My	      Mz	     DPb	    Pbar	       T	     Rho	       Q	       V	      Re	       M
       /	 degrees	 degrees	       /	       /	       /	       /	       /	       /	       /	       /	       /	       /	       /	       /	       /	       /	       /	       /	       N	       N	       N	      Nm	      Nm	      Nm	      Pa	      Pa	 degr. C	  kg/m^3	      Pa	     m/s	       /	       /
       1	   0.003	 -10.000	  0.2756	0.093301	-0.16294	-0.08843	0.063576	  0.2756	-0.176666	-0.03070	-0.15732	 0.03982	0.063590	0.176666	0.275569	-0.00195	-0.16767	 0.03982	    4.19	   10.21	   16.44	   -0.16	   -1.45	    3.22	  107.28	 1025.82	   13.98	   1.245	   250.3	   20.05	1.793E+5	   0.059
       2	   0.003	   1.995	  0.2374	0.054814	 0.02645	 0.04118	0.053848	  0.2374	0.028344	 0.00669	-0.01817	-0.01411	0.053860	-0.028344	0.237392	 0.00207	-0.02693	-0.01411	    3.62	   -1.64	   14.22	    0.17	   -0.11	   -1.14	  107.19	 1025.85	   13.98	   1.245	   250.1	   20.05	1.792E+5	   0.059
       3	   0.003	  -7.000	  0.2673	0.079982	-0.10311	-0.05715	0.066806	  0.2673	-0.112093	-0.02027	-0.12398	 0.02557	0.066820	0.112093	0.267327	-0.00204	-0.13486	 0.02558	    4.34	    6.44	   15.86	   -0.16	   -1.13	    2.06	  106.56	 1025.86	   13.98	   1.245	   248.6	   19.99	1.787E+5	   0.059
       4	   0.003	   9.995	  0.2612	0.082797	 0.13260	-0.01273	0.058513	  0.2612	0.144954	 0.03706	-0.07802	-0.04047	0.058526	-0.144954	0.261180	 0.01348	-0.08755	-0.04048	    3.86	   -8.30	   15.47	    1.08	   -0.68	   -3.25	  106.30	 1025.85	   14.01	   1.244	   248.0	   19.96	1.785E+5	   0.059
       5	   0.003	   7.005	  0.2550	0.071013	 0.06599	 0.00343	0.062423	  0.2550	0.074153	 0.02587	-0.06031	-0.02387	0.062436	-0.074153	0.254960	 0.01381	-0.07046	-0.02387	    4.10	   -4.26	   15.17	    1.11	   -0.52	   -1.92	  106.68	 1025.85	   14.02	   1.244	   248.9	   20.00	1.788E+5	   0.059
       6	   0.003	  -1.995	  0.2432	0.056891	-0.06132	 0.01959	0.054710	  0.2432	-0.063264	-0.00303	-0.04120	 0.01635	0.054722	0.063264	0.243152	 0.00727	-0.05010	 0.01635	    3.66	    3.65	   14.52	    0.59	   -0.33	    1.32	  106.94	 1025.85	   14.00	   1.245	   249.5	   20.02	1.790E+5	   0.059
       7	   0.003	   9.995	  0.2671	0.071646	 0.13636	-0.03628	0.046878	  0.2671	0.146727	 0.03697	-0.10304	-0.04273	0.046892	-0.146727	0.267054	 0.01309	-0.11067	-0.04274	    3.20	   -8.41	   15.82	    1.05	   -0.90	   -3.43	  106.38	 1025.86	   14.02	   1.244	   248.2	   19.97	1.785E+5	   0.059
       8	   0.003	  -7.000	  0.2686	0.067843	-0.10578	-0.06920	0.054433	  0.2686	-0.113255	-0.01949	-0.13634	 0.02421	0.054447	0.113255	0.268561	-0.00107	-0.14520	 0.02421	    3.64	    6.51	   15.94	   -0.09	   -1.23	    1.95	  106.64	 1025.86	   14.02	   1.244	   248.8	   20.00	1.788E+5	   0.059
       9	   0.003	 -10.005	  0.2778	0.082362	-0.16435	-0.10310	0.052542	  0.2778	-0.176164	-0.03073	-0.17255	 0.03811	0.052556	0.176164	0.277765	-0.00207	-0.18110	 0.03811	    3.55	   10.18	   16.57	   -0.17	   -1.58	    3.08	  107.27	 1025.86	   14.02	   1.244	   250.3	   20.05	1.793E+5	   0.059
      10	   0.003	   7.000	  0.2597	0.048751	 0.16365	 0.02127	0.028430	  0.2597	0.168372	 0.02130	-0.04365	-0.05460	0.028443	-0.168372	0.259689	-0.00609	-0.04828	-0.05460	    2.15	   -9.70	   15.48	   -0.49	   -0.31	   -4.41	  106.95	 1025.85	   14.02	   1.244	   249.5	   20.02	1.790E+5	   0.059
      11	   0.003	   2.000	  0.2422	0.043088	 0.02848	 0.01657	0.042056	  0.2422	0.029970	 0.00671	-0.04398	-0.01629	0.042068	-0.029970	0.242194	 0.00184	-0.05082	-0.01629	    2.94	   -1.73	   14.50	    0.15	   -0.33	   -1.32	  107.18	 1025.84	   14.04	   1.244	   250.0	   20.05	1.792E+5	   0.059
      12	   0.003	  -1.995	  0.2448	0.044599	-0.05969	 0.00533	0.042481	  0.2448	-0.061209	-0.00324	-0.05588	 0.01380	0.042494	0.061209	0.244847	 0.00672	-0.06279	 0.01380	    2.96	    3.53	   14.64	    0.54	   -0.45	    1.11	  107.07	 1025.84	   14.03	   1.244	   249.8	   20.04	1.791E+5	   0.059
      13	   4.998	   6.995	  0.7225	0.056329	 0.15263	 0.02628	-0.025772	  0.7230	0.158352	 0.01438	-0.15448	-0.04360	0.037322	-0.158352	0.722538	-0.01527	-0.16056	-0.04502	   10.29	  -36.36	  168.74	   -4.91	   -5.67	  -14.47	  424.09	 1025.81	   14.69	   1.242	   994.0	   40.02	3.562E+5	   0.118
      14	   0.001	  -9.995	  0.2732	0.056103	-0.25952	-0.04339	0.010206	  0.2732	-0.265316	-0.02908	-0.11169	 0.06566	0.010209	0.265316	0.273196	 0.01408	-0.11335	 0.06566	    4.38	   61.04	   64.89	    4.54	   -3.71	   21.15	  424.92	 1025.82	   14.80	   1.241	   996.0	   40.06	3.564E+5	   0.118
      15	   0.001	  -2.005	  0.2301	0.038080	-0.05213	 0.01516	0.036230	  0.2301	-0.053435	-0.00725	-0.04237	 0.01409	0.036233	0.053435	0.230101	 0.00144	-0.04826	 0.01409	   10.34	   12.26	   54.80	    0.46	   -1.23	    4.52	  423.61	 1025.82	   14.89	   1.241	   992.9	   40.01	3.557E+5	   0.118
      16	   4.999	  -7.000	  0.7365	0.059296	-0.16433	-0.01146	-0.025503	  0.7371	-0.170332	-0.01890	-0.19574	 0.03920	0.038827	0.170332	0.736541	 0.01233	-0.20206	 0.04101	   10.62	   39.06	  171.74	    3.96	   -7.24	   13.17	  423.56	 1025.81	   14.96	   1.240	   992.8	   40.01	3.556E+5	   0.118
      17	   0.002	   2.000	  0.2262	0.036815	 0.03724	 0.02261	0.035484	  0.2262	0.038500	 0.00353	-0.03394	-0.01570	0.035493	-0.038500	0.226208	-0.00273	-0.03971	-0.01570	   10.16	   -8.82	   53.87	   -0.88	   -0.91	   -5.04	  423.33	 1025.80	   15.01	   1.240	   992.2	   40.00	3.554E+5	   0.118
      18	   0.002	  10.000	  0.2539	0.054343	 0.23452	 0.00428	0.012784	  0.2539	0.240390	 0.02730	-0.05920	-0.06638	0.012794	-0.240390	0.253938	-0.01181	-0.06129	-0.06638	    4.96	  -55.11	   60.24	   -3.79	   -1.72	  -21.31	  423.40	 1025.80	   15.11	   1.240	   992.4	   40.01	3.553E+5	   0.118
      19	   0.002	  -7.000	  0.2587	0.046499	-0.19239	-0.01939	0.022695	  0.2587	-0.196628	-0.01960	-0.08407	 0.05041	0.022705	0.196628	0.258721	 0.01239	-0.08776	 0.05041	    7.21	   44.97	   61.18	    3.97	   -2.72	   16.14	  422.38	 1025.81	   15.16	   1.240	   990.0	   39.97	3.548E+5	   0.117
      20	   0.002	   7.000	  0.2416	0.044030	 0.17190	 0.01818	0.022744	  0.2416	0.175983	 0.01658	-0.04223	-0.05280	0.022753	-0.175983	0.241643	-0.01206	-0.04593	-0.05280	    7.24	  -40.33	   57.40	   -3.87	   -1.14	  -16.94	  423.24	 1025.80	   15.22	   1.239	   992.0	   40.01	3.550E+5	   0.118
      21	   0.002	  -9.995	  0.2684	0.072449	-0.25855	-0.02450	0.026465	  0.2684	-0.267197	-0.02886	-0.09159	 0.06881	0.026475	0.267197	0.268375	 0.01462	-0.09590	 0.06881	    8.09	   61.22	   63.51	    4.69	   -3.03	   22.07	  423.15	 1025.84	   15.27	   1.239	   991.8	   40.01	3.549E+5	   0.118
      22	   0.002	   2.000	  0.2184	0.056276	 0.02994	 0.04875	0.055188	  0.2184	0.031881	 0.00351	-0.00585	-0.01160	0.055197	-0.031881	0.218415	-0.00168	-0.01483	-0.01160	   14.70	   -7.32	   52.16	   -0.54	    0.03	   -3.73	  423.91	 1025.85	   15.32	   1.239	   993.6	   40.05	3.552E+5	   0.118
      23	   0.002	  -7.000	  0.2538	0.064029	-0.19337	 0.00077	0.039976	  0.2538	-0.199734	-0.01958	-0.06269	 0.05394	0.039985	0.199734	0.253827	 0.01292	-0.06919	 0.05394	   11.19	   45.77	   60.19	    4.15	   -2.02	   17.31	  423.25	 1025.85	   15.36	   1.239	   992.1	   40.02	3.548E+5	   0.118
      24	   0.002	  10.000	  0.2460	0.070531	 0.22912	 0.03089	0.029664	  0.2460	0.237884	 0.02753	-0.03061	-0.06343	0.029673	-0.237884	0.245973	-0.01117	-0.03543	-0.06343	    8.80	  -54.38	   58.25	   -3.58	   -0.74	  -20.30	  422.24	 1025.83	   15.40	   1.238	   989.7	   39.98	3.543E+5	   0.117
      25	   0.002	   7.000	  0.2329	0.061543	 0.16620	 0.04628	0.040821	  0.2329	0.172457	 0.01684	-0.01194	-0.04927	0.040830	-0.172457	0.232872	-0.01122	-0.01858	-0.04927	   11.36	  -39.43	   55.26	   -3.59	   -0.11	  -15.77	  422.27	 1025.81	   15.42	   1.238	   989.8	   39.98	3.543E+5	   0.117
      26	   0.002	  -1.995	  0.2240	0.057142	-0.05483	 0.03384	0.055189	  0.2240	-0.056786	-0.00723	-0.02217	 0.01785	0.055198	0.056786	0.224045	 0.00201	-0.03115	 0.01785	   14.70	   13.03	   53.44	    0.65	   -0.58	    5.73	  423.82	 1025.80	   15.44	   1.238	   993.4	   40.06	3.549E+5	   0.118
      27	   5.000	   6.995	  0.7110	0.057582	 0.15116	 0.05529	-0.023372	  0.7117	0.157052	 0.01500	-0.12264	-0.03853	0.038744	-0.157052	0.711042	-0.01399	-0.12894	-0.03999	   10.58	  -35.94	  165.56	   -4.48	   -4.46	  -12.81	  422.71	 1025.81	   15.48	   1.238	   990.8	   40.01	3.544E+5	   0.117
      28	   0.001	  -9.995	  0.2600	0.055677	-0.26241	-0.01314	0.009284	  0.2600	-0.268092	-0.03023	-0.07815	 0.07117	0.009288	0.268092	0.260024	 0.01339	-0.07966	 0.07117	    4.15	   61.38	   61.56	    4.29	   -2.42	   22.81	  422.88	 1025.81	   15.42	   1.238	   991.2	   40.01	3.546E+5	   0.117
      29	   0.001	  -2.000	  0.2189	0.037789	-0.05633	 0.04184	0.035797	  0.2189	-0.057611	-0.00821	-0.01288	 0.02033	0.035800	0.057611	0.218900	 0.00116	-0.01871	 0.02033	   10.20	   13.16	   52.04	    0.37	   -0.11	    6.51	  422.04	 1025.82	   15.50	   1.238	   989.2	   39.98	3.541E+5	   0.117
      30	   4.999	  -7.000	  0.7218	0.057900	-0.16653	 0.02226	-0.025864	  0.7223	-0.172345	-0.01953	-0.15832	 0.04466	0.037173	0.172345	0.721801	 0.01251	-0.16437	 0.04654	   10.21	   39.43	  167.96	    4.01	   -5.80	   14.91	  422.54	 1025.83	   15.51	   1.238	   990.4	   40.00	3.543E+5	   0.117
      31	   0.008	   2.000	  0.2136	0.037303	 0.03122	 0.05010	0.036162	  0.2136	0.032505	 0.00289	-0.00328	-0.00876	0.036190	-0.032505	0.213550	-0.00240	-0.00917	-0.00876	   10.29	   -7.43	   50.84	   -0.77	    0.25	   -2.80	  422.26	 1025.84	   15.51	   1.238	   989.7	   39.99	3.542E+5	   0.117
      32	   0.002	  10.000	  0.2417	0.053978	 0.23271	 0.03236	0.012740	  0.2417	0.238548	 0.02718	-0.02806	-0.06132	0.012748	-0.238548	0.241704	-0.01164	-0.03014	-0.06132	    4.93	  -54.48	   57.22	   -3.72	   -0.54	  -19.61	  421.81	 1025.83	   15.60	   1.238	   988.7	   39.97	3.538E+5	   0.117
      33	   0.002	  -7.000	  0.2461	0.046139	-0.19616	 0.01026	0.021880	  0.2461	-0.200322	-0.02084	-0.05127	 0.05640	0.021889	0.200322	0.246111	 0.01175	-0.05483	 0.05640	    7.03	   45.86	   58.36	    3.77	   -1.48	   18.08	  422.83	 1025.85	   15.62	   1.238	   991.1	   40.02	3.542E+5	   0.117
      34	   0.002	   7.000	  0.2293	0.044236	 0.16790	 0.04888	0.023437	  0.2293	0.172036	 0.01636	-0.00845	-0.04684	0.023445	-0.172036	0.229297	-0.01163	-0.01226	-0.04684	    7.40	  -39.42	   54.57	   -3.73	    0.13	  -15.03	  423.24	 1025.84	   15.65	   1.237	   992.0	   40.04	3.544E+5	   0.118
      35	   5.000	   7.000	  0.7215	0.039433	 0.15484	 0.02484	-0.042689	  0.7205	0.158490	 0.01391	-0.15529	-0.04143	0.020269	-0.158490	0.721524	-0.01557	-0.15859	-0.04281	    6.33	  -36.19	  167.56	   -4.98	   -5.57	  -13.68	  421.71	 1025.84	   15.68	   1.237	   988.4	   39.97	3.537E+5	   0.117
      36	   0.003	  -9.995	  0.2647	0.039093	-0.26400	-0.03355	-0.007333	  0.2647	-0.266780	-0.03081	-0.09973	 0.06823	-0.007321	0.266780	0.264714	 0.01259	-0.09854	 0.06823	    0.35	   60.99	   62.53	    4.03	   -3.12	   21.84	  422.22	 1025.87	   15.67	   1.237	   989.6	   39.99	3.539E+5	   0.117
      37	   0.003	  -2.000	  0.2242	0.019123	-0.05462	 0.02097	0.017195	  0.2242	-0.055259	-0.00831	-0.03508	 0.01659	0.017205	0.055259	0.224197	 0.00069	-0.03788	 0.01659	    5.97	   12.66	   53.38	    0.22	   -0.84	    5.32	  423.08	 1025.88	   15.68	   1.237	   991.7	   40.04	3.543E+5	   0.118
      38	   4.992	  -7.000	  0.7289	0.040928	-0.16528	 0.00019	-0.043026	  0.7279	-0.169035	-0.02004	-0.18179	 0.04128	0.020480	0.169035	0.728894	 0.01116	-0.18512	 0.04319	    6.40	   38.72	  169.81	    3.58	   -6.59	   13.85	  423.11	 1025.89	   15.68	   1.237	   991.7	   40.04	3.543E+5	   0.118
      39	   0.002	   2.000	  0.2212	0.018361	 0.03726	 0.02402	0.017043	  0.2212	0.037877	 0.00281	-0.03128	-0.01288	0.017050	-0.037877	0.221182	-0.00335	-0.03405	-0.01288	    5.94	   -8.68	   52.73	   -1.08	   -0.69	   -4.13	  423.44	 1025.90	   15.68	   1.237	   992.5	   40.05	3.544E+5	   0.118
      40	   0.002	  10.000	  0.2493	0.037772	 0.23838	 0.00528	-0.004203	  0.2493	0.241317	 0.02678	-0.05705	-0.06432	-0.004196	-0.241317	0.249293	-0.01248	-0.05636	-0.06432	    1.06	  -55.25	   59.09	   -4.00	   -1.54	  -20.61	  422.84	 1025.91	   15.76	   1.237	   991.1	   40.03	3.540E+5	   0.117
      41	   0.002	  -7.000	  0.2502	0.028741	-0.19470	-0.00945	0.004792	  0.2502	-0.196747	-0.02099	-0.07201	 0.05274	0.004799	0.196747	0.250225	 0.01102	-0.07279	 0.05275	    3.12	   44.99	   59.24	    3.53	   -2.15	   16.89	  422.36	 1025.90	   15.78	   1.237	   990.0	   40.01	3.538E+5	   0.117
      42	   0.002	   7.000	  0.2381	0.026607	 0.17345	 0.01936	0.005264	  0.2381	0.175399	 0.01595	-0.04017	-0.05033	0.005271	-0.175399	0.238125	-0.01259	-0.04103	-0.05033	    3.23	  -40.16	   56.54	   -4.03	   -0.96	  -16.13	  422.85	 1025.90	   15.81	   1.237	   991.1	   40.03	3.540E+5	   0.117
      43	   0.002	   7.000	  0.2419	0.046409	 0.17355	 0.02070	0.024906	  0.2419	0.177911	 0.01721	-0.03977	-0.05419	0.024913	-0.177911	0.241877	-0.01174	-0.04383	-0.05419	    4.34	  -22.89	   32.26	   -2.12	   -0.60	   -9.76	  238.44	 1025.89	   15.54	   1.238	   557.1	   30.00	2.657E+5	   0.088
      44	   0.002	   2.000	  0.2245	0.041218	 0.03325	 0.01944	0.040026	  0.2245	0.034672	 0.00413	-0.03668	-0.01587	0.040033	-0.034672	0.224488	-0.00152	-0.04319	-0.01587	    6.30	   -4.47	   30.08	   -0.27	   -0.58	   -2.87	  238.88	 1025.89	   15.50	   1.238	   558.1	   30.03	2.660E+5	   0.088
      45	   0.002	  10.000	  0.2514	0.054923	 0.25134	 0.01400	0.010436	  0.2514	0.257060	 0.02738	-0.04884	-0.07254	0.010444	-0.257060	0.251371	-0.01445	-0.05054	-0.07254	    2.48	  -33.11	   33.51	   -2.61	   -0.74	  -13.08	  238.65	 1025.88	   15.46	   1.238	   557.6	   30.01	2.659E+5	   0.088
      46	   0.002	   7.000	  0.2421	0.046557	 0.17324	 0.01819	0.025090	  0.2421	0.177624	 0.01710	-0.04232	-0.05404	0.025098	-0.177624	0.242075	-0.01180	-0.04641	-0.05404	    4.37	  -22.87	   32.30	   -2.13	   -0.65	   -9.74	  238.54	 1025.87	   15.44	   1.238	   557.3	   30.00	2.659E+5	   0.088
